1 0.5061748674983709 0.5844339803850676 0.01119194734079722 0.006939779209731569
1 0.5017366814839168 0.5096385822357383 0.010034159684852639 0.010024125525167788
1 0.5497848692056152 0.5077108657885907 0.009648230466204544 0.00925303894630878
1 0.6451093862117154 0.5871327834110742 0.012735664215390009 0.038554328942953124
1 0.6005345614578509 0.5925303894630877 0.016209027183223517 0.024674770523489997
1 0.6236903145767417 0.5940725626208059 0.01312159343403816 0.038554328942953124
1 0.6213747392648525 0.43445764079697974 0.008490442810259851 0.004626519473154417
1 0.6238832791860657 0.4984578268422819 0.008876372028908123 0.007710865788590582
1 0.5480481877216983 0.4282889481661072 0.0100341596848527 0.00925303894630878
1 0.5015437168745928 0.43291546763926164 0.01119194734079722 0.010795212104026859
1 0.4276382715034663 0.5115662986828861 0.00617486749837087 0.00925303894630872
1 0.3707137117528598 0.5088674956568794 0.006560796717019024 0.006939779209731569
1 0.7284170032274669 0.6912437675022198 0.024861714637003124 0.022353167630129633
1 0.7697496038114848 0.44225431695549866 0.006836971525175913 0.01614395439953802
1 0.6948556624954656 0.46734448338531875 0.012311142074876925 0.027990442812583984
