0 0.8517621849702988 0.7056212007376546 0.01504133735538692 0.02595451130387266
1 0.05580332711728782 0.6409807294575817 0.0063678321076949766 0.027990442812583984
1 0.05601558818754432 0.5777901843200813 0.00849044281025994 0.02883863804932889
1 0.03669983079420293 0.5786383795568263 0.009764009231798945 0.03392780946979872
1 0.021841555876248017 0.5727010128996115 0.011462097793850936 0.015267514261409473
1 0.6418561420954809 0.5023008082497792 0.022924195587701857 0.039016980890268595
1 0.5985548837631552 0.4895778796986046 0.014433752777441888 0.03223141899630883
1 0.6469504077816368 0.47091758449021526 0.01782992990154587 0.0186602952083893
1 0.5953709677093078 0.4662525106881179 0.008914964950772935 0.00933014760419468
1 0.6743915182265308 0.5413177891400477 0.0050942656861559825 0.01187473331442959
1 0.6688727303998618 0.5464069605605175 0.00594330996718192 0.013571123787919533
1 0.8295543605840314 0.5599780843484371 0.008065920669746998 0.01696390473489941
1 0.6654765532757578 0.6732121484538903 0.006792354248207974 0.021204880918624217
1 0.8244600948978754 0.6808459055845951 0.007216876388721058 0.02120488091862432
