0 0.500770507685031 0.6308553201488301 0.0061640614802487195 0.015394743546921177
0 0.5166943331756736 0.6113553116560632 0.005136717900207379 0.017447376019844005
1 0.494349610309772 0.2649735818503364 0.009759764010393863 0.01847369225630544
1 0.6361230243554926 0.7062895635287438 0.004623046110186483 0.04105264945845647
1 0.665072452158153 0.4870317257191886 0.007718584372963658 0.007710865788590582
1 0.7134890268612882 0.48037234162904213 0.008420273861414836 0.008411853587553421
1 0.741205761655112 0.47651690873474684 0.0035084474422562395 0.007710865788590638
1 0.762431868680762 0.4716099941420073 0.004560981674933066 0.007710865788590638
1 0.7608530673317467 0.4179844275213543 0.004911826419158712 0.009813829185478996
1 0.9152709942695132 0.5480176642289508 0.015788013490152738 0.023132597365771973
1 0.9056227638033089 0.5508216154248019 0.002806757953804946 0.01752469497406969
1 0.9389530145047424 0.5578314934144298 0.013332100280573552 0.044162231334655425
1 0.9643892584610997 0.5550275422185788 0.011577876559445432 0.04556420693258088
1 0.8675561090548293 0.4610951771575656 0.010174497582542958 0.009112841386516208
1 0.9436894185517883 0.45829122596171445 0.010174497582542958 0.0035049389948139265
1 0.9768442468811094 0.5455642069325811 0.004210136930707418 0.019627658370957993
1 0.86510019584525 0.38363602537217795 0.010174497582542958 0.005607902391702282
1 0.8222971370497247 0.3927488667586941 0.00877111860564037 0.009813829185478937
