0 0.6386040591012929 0.6974529807328111 0.014295485916276815 0.02732053821460272
0 0.665641173769034 0.6645441506106761 0.0074585143911010164 0.031046066152957675
1 0.11347476815912425 0.6760619402561632 0.013075281927800322 0.03358853137510072
1 0.0695791788300803 0.57669586827149 0.013075281927800329 0.038253605177198106
1 0.0896590760763451 0.5738968239902317 0.012141333218671726 0.036387575656359215
1 0.04926579440653337 0.5673657206672954 0.015410153700621813 0.019593309968808738
1 0.20686963907198375 0.6088848775059617 0.026150563855600644 0.014928236166711486
1 0.9077221071203361 0.4879948158387275 0.006060045582078918 0.005098093083365712
1 0.9104331801438977 0.5396130083078053 0.006378995349556695 0.005098093083365712
1 0.9089979061902475 0.4370138850050706 0.006060045582078918 0.007647139625048567
1 0.9706693793827386 0.42529464352968366 0.010806018122149123 0.006168692630872499
