1 0.323947983226721 0.6632402158322518 0.025980491795668335 0.039614780411174035
1 0.314034374515216 0.8059900280035514 0.028031583253221082 0.027320538214602834
1 0.650755222130128 0.637968717983744 0.023245703185598033 0.030052592036063062
1 0.6586177393840802 0.7773034628782185 0.023929400338115525 0.0327846458575234
1 0.6955373856200301 0.5375657400450788 0.012990245897834339 0.06420326480431664
1 0.6958792341962889 0.49043781162488886 0.00957176013524621 0.02458848439314255
1 0.818261024496937 0.6243084488764427 0.010939154440281415 0.024588484393142495
1 0.8011685956839975 0.6311385834300934 0.01230654874531662 0.021856430571682267
1 0.7847598640235752 0.6277235161532679 0.01230654874531662 0.01775834983949187
1 0.9391509534259346 0.49183798920838745 0.00957176013524621 0.021856430571682267
