1 0.5183355145447898 0.48633973089269844 0.012430857318501621 0.01986948233789292
1 0.4972030571033372 0.48696065221575763 0.00994468585480132 0.018627639691774563
1 0.5313879147292165 0.6986948233789295 0.016160114514052012 0.014902111753419718
1 0.48601528551668566 0.7011785086711662 0.01740320024590222 0.014902111753419718
1 0.2849893330987976 0.49754093166607094 0.011462097793850984 0.01187473331442959
1 0.2820176781152066 0.5933869934182525 0.009764009231798935 0.010178342840939537
1 0.2856261163095671 0.40169486991388936 0.010188531372311965 0.008481952367449705
1 0.25102756185775776 0.4716709769453494 0.006367832107694947 0.009330147604194622
1 0.2508153007875013 0.5212903982949301 0.006792354248207946 0.003392780946979883
1 0.12247463753799978 0.4983891269028159 0.008065920669746955 0.006785561893959766
1 0.12162559325697381 0.5670929410791582 0.007216876388720958 0.006785561893959766
1 0.12205011539748678 0.42926121510810084 0.007216876388720958 0.01102653807768462
1 0.06198023251489765 0.3953334056383021 0.005943309967181964 0.012722928551174562
1 0.010188531372311939 0.38727555088922494 0.005943309967181965 0.015267514261409473
