0 0.16174293553545205 0.6240931197824439 0.006792354248207974 0.01696390473489941
1 0.13818195673698072 0.5473314508570243 0.0038206992646169567 0.009330147604194735
1 0.14476204991493216 0.6745607363687696 0.006792354248207974 0.005937366657214739
1 0.05773501110976768 0.5435145722916718 0.018678974182571893 0.03223141899630878
1 0.005731048896925467 0.5447868651467891 0.009764009231798943 0.03307961423305381
1 0.2904814565523825 0.5342956558092962 0.011018264694688785 0.015641876505781055
1 0.30280451575038975 0.5345853201890328 0.004349315011061399 0.022014492859988195
1 0.6837310053178168 0.5032252985462857 0.008490442810259968 0.022901271392114154
1 0.7017731962896191 0.5015289080727958 0.0038206992646169567 0.021204880918624266
1 0.8804970174455911 0.5337603270691047 0.009764009231798994 0.01781209997164433
