1 0.3878878878878879 0.8059999999999999 0.04504504504504505 0.03599999999999999
1 0.23973973973973972 0.6049999999999999 0.01701701701701702 0.046
1 0.1841841841841842 0.5879999999999999 0.018018018018018018 0.032
1 0.21021021021021022 0.6039999999999999 0.014014014014014014 0.05600000000000001
1 0.31181181181181183 0.47900000000000004 0.009009009009009009 0.042
1 0.3993993993993994 0.47800000000000004 0.006006006006006006 0.024
1 0.1291291291291291 0.467 0.014014014014014014 0.017999999999999995
1 0.8158158158158159 0.637 0.008008008008008008 0.03400000000000001
1 0.7822822822822821 0.6780000000000003 0.005005005005005007 0.048
1 0.8178178178178179 0.44 0.012012012012012012 0.016
1 0.5310310310310311 0.757 0.011011011011011011 0.046
1 0.461961961961962 0.49099999999999994 0.011011011011011011 0.03
1 0.4904904904904905 0.6829999999999999 0.020020020020020027 0.03
1 0.47296288533225905 0.6359817697499549 0.018646285977752315 0.023595010276247875
1 0.38750074126756057 0.5807197719976899 0.010566228720726307 0.01241842646118312
1 0.3194417974487643 0.572026873474862 0.00745851439110096 0.014902111753419718
1 0.22092725319963905 0.4850978882465802 0.011809314452576514 0.01241842646118312
0 0.7075701006038302 0.5587799299064263 0.00466974354564301 0.013062206645872607
